
sen6028: 
59.05 145.00  85.95  2.4576
59.05 134.97  75.92
sen6044: 
65.57 138.76  73.19  2.1162
65.57 142.73  77.17
sen6147: 
66.20 147.68  81.48  2.230
66.20 130.44  64.25

-------- avgAmplitudeDist ---------
sen6028: 
(6.91 9.63)  2.72, 1.39
(9.63 15.56)  5.93, 1.62
sen6044: 
(6.20 8.80)  2.60, 1.42
(8.80 15.50)  6.70, 1.76
sen6147: 
(5.23 6.67)  1.44, 1.27
(6.67 14.98)  8.31, 2.25
-------- avgFrequencyDist ---------
sen6000: 
(2118.74 2854.14)  735.40, 1.35
(2854.14 2560.67)  293.46, 0.90
sen6028: 
(2009.19 2064.00)  54.82, 1.03
(2064.00 2534.47)  470.47, 1.23
sen6044: 
(2170.38 2360.66)  190.28, 1.09
(2360.66 2629.90)  269.24, 1.11
sen6147: 
(2077.68 1919.32)  158.36, 0.92
(1919.32 2483.71)  564.39, 1.29
>> 
